36
16
172
0 16
0 17
1 16
1 17
2 18
2 19
3 18
3 19
4 20
4 21
5 20
5 21
6 22
6 23
7 22
7 23
8 24
8 25
9 24
9 25
10 26
10 27
11 26
11 27
12 28
12 29
13 28
13 29
14 30
14 31
15 30
15 31
16 32
16 33
16  0
16  1
16 17
16 31
17 32
17 33
17  0
17  1
17 16
17 18
18 32
18 33
18  2
18  3
18 17
18 19
19 32
19 33
19  2
19  3
19 18
19 20
20 33
20 34
20  4
20  5
20 19
20 21
21 33
21 34
21  4
21  5
21 20
21 22
22 33
22 34
22  6
22  7
22 21
22 23
23 33
23 34
23  6
23  7
23 22
23 24
24 34
24 35
24  8
24  9
24 23
24 25
25 34
25 35
25  8
25  9
25 24
25 26
26 34
26 35
26 10
26 11
26 25
26 27
27 34
27 35
27 10
27 11
27 26
27 28
28 35
28 32
28 12
28 13
28 27
28 29
29 35
29 32
29 12
29 13
29 28
29 30
30 32
30 35
30 14
30 15
30 29
30 31
31 32
31 35
31 14
31 15
31 30
31 16
32 33
32 34
32 35
32 16
32 17
32 18
32 19
32 28
32 29
32 30
32 31
33 32
33 34
33 35
33 16
33 17
33 18
33 19
33 20
33 21
33 22
33 23
34 32
34 33
34 35
34 20
34 21
34 22
34 23
34 24
34 25
34 26
34 27
35 32
35 33
35 34
35 24
35 25
35 26
35 27
35 28
35 29
35 30 
35 31 
